dim=(51,51)
src=(1,50)
dst=(0,1)
0,1,0,0,0,1,1,1,1,0,1,1,0,1,1,0,0,1,1,0,0,1,0,1,0,0,1,0,0,1,0,1,0,0,1,1,1,0,1,1,1,0,0,1,1,1,1,0,0,0,0
1,0,0,1,0,0,0,1,1,1,0,0,1,1,1,0,0,1,0,0,1,0,1,0,1,0,1,0,1,0,1,1,1,0,1,1,1,1,0,1,0,0,1,1,0,1,0,0,1,1,1
1,1,1,1,1,1,0,0,0,0,1,1,1,0,0,0,0,1,0,1,1,0,1,1,1,1,0,1,0,1,1,0,0,0,0,1,1,1,1,1,0,1,0,1,1,1,0,1,0,1,1
1,1,0,0,0,1,0,1,1,1,1,0,1,1,0,1,0,1,0,1,0,0,1,0,1,1,0,0,1,0,1,0,0,0,1,0,1,1,1,0,0,1,0,1,1,0,1,0,1,1,1
1,0,0,0,0,1,1,0,1,1,0,1,1,0,0,0,1,1,1,1,0,1,1,0,0,0,0,0,1,0,1,0,0,0,1,0,0,1,0,1,0,0,0,0,0,0,0,1,1,1,1
1,0,0,1,1,0,0,0,0,1,0,0,0,0,0,0,1,0,0,0,0,1,0,0,1,1,0,0,0,0,1,1,0,0,0,1,1,0,1,1,1,0,0,0,1,1,0,1,0,1,1
0,1,1,1,0,1,1,0,1,1,1,1,0,0,1,0,0,1,1,0,1,0,0,0,1,0,1,1,1,1,0,1,1,1,1,1,0,0,0,1,0,1,1,1,0,0,1,1,0,0,0
0,1,1,0,1,0,1,0,0,0,1,0,0,0,0,0,1,0,0,0,0,0,0,1,0,0,0,0,0,0,1,1,0,0,0,1,0,0,0,1,1,0,1,0,1,1,0,0,0,0,0
1,1,0,1,0,1,0,1,0,0,1,1,1,0,0,1,1,0,1,0,1,1,0,1,1,1,1,1,1,0,1,0,1,1,1,0,1,1,1,1,0,1,0,0,0,0,1,1,0,1,1
0,0,1,0,1,1,0,0,1,0,1,0,1,0,0,0,1,1,1,0,0,1,1,1,1,0,1,1,0,1,1,0,0,1,0,0,1,1,0,1,1,0,1,1,1,0,1,0,0,0,0
1,1,1,0,1,0,0,0,1,1,0,0,0,1,1,1,1,0,0,0,1,0,1,1,1,0,1,0,0,1,0,1,1,0,1,0,0,0,0,0,0,1,0,1,0,1,0,0,1,1,1
0,0,1,1,1,0,0,0,1,0,1,0,1,0,0,1,0,0,0,1,1,1,1,0,1,0,1,0,0,1,1,1,1,1,1,0,1,1,0,0,1,0,0,1,0,0,1,1,1,0,0
0,1,0,1,0,0,0,1,1,0,0,0,1,0,0,0,1,1,0,0,1,0,1,1,1,0,0,0,0,1,0,1,0,1,0,1,1,1,1,1,1,0,0,1,1,0,1,0,1,0,0
1,1,0,1,1,1,1,1,1,1,0,0,0,0,1,0,1,1,1,1,0,1,1,0,0,0,1,1,0,0,0,0,0,1,0,0,1,1,0,1,1,1,1,1,0,1,0,0,0,1,1
1,1,1,1,1,0,0,1,0,0,1,1,0,1,0,1,1,1,0,0,1,0,1,1,0,1,1,1,0,0,1,0,0,0,0,0,0,0,0,0,1,1,0,1,0,1,1,0,0,0,0
1,1,0,1,0,0,1,1,0,1,1,0,1,1,0,1,1,1,1,1,1,0,1,1,0,0,0,1,0,1,0,0,0,0,1,0,0,1,1,1,1,1,1,0,0,1,1,0,0,0,0
1,0,1,1,0,1,1,1,1,0,0,1,0,1,0,0,1,0,0,0,1,0,1,0,1,1,1,0,1,1,1,1,1,0,1,1,1,0,1,1,1,1,0,0,0,1,1,1,0,0,0
1,0,0,1,1,1,0,1,0,0,0,1,1,0,1,1,0,1,0,1,1,0,1,1,1,0,0,0,1,1,1,0,1,1,0,0,0,0,0,1,1,1,0,1,1,0,0,0,1,0,0
0,1,1,1,1,0,1,0,1,1,1,0,0,0,1,0,0,0,0,0,1,1,0,1,0,1,0,0,1,1,0,1,0,1,0,0,1,1,1,1,0,0,0,1,0,1,1,0,1,0,0
1,0,0,1,1,1,1,0,0,0,0,0,0,0,1,0,1,1,1,1,1,1,0,1,1,1,0,1,0,0,0,0,0,0,1,1,1,1,0,0,1,1,1,0,0,1,1,1,1,1,1
1,1,1,1,0,0,0,1,1,1,1,0,0,0,0,1,1,0,0,0,1,0,0,1,0,0,0,1,1,1,0,1,0,0,1,0,0,1,1,0,0,0,1,1,0,1,0,1,1,0,0
1,1,1,1,0,0,1,0,1,1,0,1,1,1,1,0,0,0,0,0,0,1,0,1,1,1,1,0,0,1,0,1,0,0,1,1,0,1,0,0,0,0,1,1,0,0,0,0,1,0,0
0,1,0,1,1,1,0,0,1,1,0,0,1,1,1,0,0,1,0,1,0,1,1,0,1,0,0,1,1,0,0,0,1,0,0,0,1,0,1,0,1,0,0,1,1,1,1,1,0,0,0
1,0,1,0,1,1,0,0,1,1,1,1,1,1,1,1,0,1,1,0,1,1,1,1,0,1,0,0,0,1,0,1,0,1,0,0,1,0,0,1,0,1,1,1,0,0,1,1,0,0,0
0,1,1,1,0,0,0,1,0,0,0,0,0,1,0,0,0,0,0,0,1,0,0,1,1,0,1,0,1,0,0,1,0,0,1,0,1,1,0,0,0,0,1,1,1,1,0,1,1,0,0
1,0,1,1,1,1,0,0,0,1,0,0,0,1,1,0,1,1,0,1,0,0,0,1,1,0,0,0,1,0,1,1,0,0,1,1,0,0,0,1,0,1,0,0,0,0,1,1,1,0,0
0,1,0,0,1,1,0,0,0,1,1,1,0,1,1,1,1,0,1,0,1,0,1,0,1,0,1,0,1,0,1,1,1,1,1,0,0,1,0,1,0,1,0,1,1,1,0,0,1,0,0
0,1,1,0,1,1,0,0,0,0,0,0,1,1,1,0,0,1,1,1,0,0,1,0,0,1,1,0,1,0,1,0,0,0,1,0,0,1,0,1,1,0,0,1,0,1,1,1,0,0,0
0,1,0,0,0,1,0,0,0,0,1,0,1,1,0,1,1,1,0,1,0,0,1,0,0,1,0,1,1,0,0,0,1,1,0,0,1,0,1,0,0,0,1,0,1,0,1,0,0,0,0
1,0,0,1,1,0,0,1,1,0,0,0,1,0,1,1,1,0,1,1,0,1,0,1,1,0,1,0,0,1,1,1,0,0,0,1,0,0,0,0,0,0,1,1,1,0,0,0,1,0,0
1,1,0,0,1,1,1,0,1,1,1,0,1,0,0,0,0,1,1,0,0,0,1,0,0,1,1,0,1,1,1,1,0,1,1,1,1,0,1,1,0,0,0,0,0,1,1,1,1,1,1
1,1,0,0,1,1,1,1,0,1,0,0,0,0,1,0,1,0,1,1,1,0,1,0,1,0,1,0,1,1,0,1,1,0,0,0,1,1,0,0,1,0,1,1,1,1,0,1,0,0,0
1,0,1,0,1,0,0,1,0,0,0,1,0,0,1,1,1,1,0,1,1,0,1,1,0,0,1,0,0,1,0,0,0,1,1,0,0,0,0,0,1,0,1,0,1,0,1,1,0,1,1
0,0,0,0,0,0,0,0,1,0,0,1,0,0,1,1,1,1,0,1,0,1,0,0,0,0,0,1,0,0,0,0,1,0,0,0,0,0,1,0,1,1,0,0,1,0,0,1,1,0,0
1,1,0,1,0,1,0,0,0,1,1,0,1,0,1,0,0,0,1,1,0,0,0,1,0,0,0,1,1,0,0,1,0,0,1,1,1,1,0,1,1,1,1,0,1,0,1,1,0,0,0
1,1,1,0,0,1,1,1,0,0,0,0,0,1,1,1,1,0,1,0,1,0,1,1,1,1,0,0,1,1,1,1,0,1,0,1,1,1,0,1,0,0,0,1,1,0,1,1,1,0,0
1,1,1,0,1,1,0,1,1,1,1,1,1,0,0,0,1,1,1,0,0,0,0,1,0,1,0,0,1,1,0,0,1,1,0,0,0,0,0,0,0,0,0,0,1,0,1,1,0,1,1
0,0,1,0,1,1,0,0,1,0,1,0,0,1,0,1,0,0,1,0,0,1,0,0,0,1,1,1,0,1,1,0,0,0,0,1,1,0,1,0,0,1,0,1,1,0,0,0,1,1,1
1,0,0,1,1,0,0,0,1,1,1,0,0,1,0,0,1,0,1,0,0,0,1,0,1,1,0,0,0,1,1,0,1,0,0,0,0,0,1,0,0,0,0,0,0,0,0,0,1,1,1
1,0,1,1,1,1,0,1,0,1,1,1,1,1,0,0,1,1,1,0,1,1,1,1,0,0,0,1,1,0,1,0,0,0,0,1,0,1,1,1,0,0,0,1,1,0,0,0,1,1,1
0,0,1,1,1,0,1,0,1,0,1,1,1,0,1,1,0,0,0,0,1,0,1,1,1,0,1,0,0,0,0,0,1,1,1,1,0,0,1,1,1,1,0,0,1,0,0,1,0,0,0
1,0,0,0,1,0,1,0,1,1,1,1,1,1,0,0,0,1,1,0,0,0,1,1,1,0,0,0,1,0,0,0,0,1,1,1,1,1,0,1,0,1,0,0,0,1,1,0,0,1,1
1,0,1,0,1,0,0,0,1,1,1,1,1,0,1,0,1,1,0,0,0,1,0,1,1,0,1,0,1,1,0,0,0,0,0,1,0,0,0,1,1,0,0,0,1,0,1,1,1,0,0
0,1,0,0,0,1,0,1,1,1,1,1,0,1,1,0,0,0,1,0,0,0,1,1,1,0,0,0,1,1,0,0,0,0,0,1,1,1,1,0,0,0,0,0,1,0,0,0,1,1,1
0,1,1,1,0,0,1,1,0,0,1,0,0,1,0,0,1,0,0,1,1,0,1,0,0,1,1,0,1,0,1,0,0,1,0,0,1,1,1,1,0,0,1,1,1,1,0,1,0,0,0
1,1,1,0,1,1,1,0,1,0,1,1,1,0,0,0,0,1,0,1,1,0,1,0,0,1,0,1,1,0,0,1,1,0,1,0,0,1,1,1,0,0,0,1,1,0,1,1,0,1,1
1,0,0,0,0,0,0,0,1,0,0,1,1,1,0,1,0,0,0,1,1,0,1,1,1,1,0,0,0,1,1,1,1,0,0,1,1,1,1,1,0,1,0,1,1,0,1,0,0,0,0
0,0,1,0,0,1,0,1,0,1,0,0,0,1,0,0,0,0,0,1,0,1,1,0,0,0,0,1,1,0,0,1,0,0,1,1,0,0,0,1,0,0,1,1,0,0,0,0,1,0,0
0,1,0,1,0,0,0,1,1,1,1,1,1,1,0,1,0,1,0,1,1,0,0,0,1,0,0,1,1,0,1,1,1,1,0,0,1,0,0,1,1,0,1,0,1,0,1,0,1,0,0
0,1,1,1,0,1,1,0,1,1,1,0,0,1,1,1,0,0,1,1,1,1,0,0,0,0,1,0,0,0,0,0,0,1,0,0,0,0,1,1,0,1,1,1,0,1,0,1,1,0,0
0,1,1,1,0,1,1,0,1,1,1,0,0,1,1,1,0,0,1,1,1,1,0,0,0,0,1,0,0,0,0,0,0,1,0,0,0,0,1,1,0,1,1,1,0,1,0,1,1,0,0