dim=(60,60)
src=(43,45)
dst=(0,0)
1,0,1,1,0,0,1,1,0,1,1,0,0,1,1,1,1,0,1,0,0,1,0,0,1,1,1,0,0,0,0,1,0,0,0,1,1,1,1,1,1,1,1,0,1,0,1,0,1,1,1,1,1,0,1,0,1,0,1,1,
1,0,0,0,1,0,1,1,1,1,1,0,0,1,1,1,0,0,0,0,1,1,0,1,0,1,0,0,1,1,0,1,1,1,0,0,1,1,0,1,0,0,1,0,1,0,1,1,0,1,0,0,1,0,1,0,1,1,0,1,
0,0,0,0,0,1,0,0,1,1,1,0,0,1,0,1,1,1,0,0,0,1,1,0,1,0,1,1,0,0,0,0,0,0,0,1,0,0,1,1,0,1,0,0,0,0,0,0,1,1,0,1,0,0,0,0,0,0,1,1,
0,1,0,0,0,1,1,1,1,0,1,0,0,1,0,1,0,0,0,0,0,0,0,0,0,0,0,1,0,0,0,0,1,0,0,0,0,0,1,1,1,0,1,0,1,1,0,1,1,0,1,0,1,0,1,1,0,1,1,0,
1,1,1,1,1,1,0,0,0,0,1,0,1,1,1,1,1,1,0,0,1,0,1,1,0,1,0,0,0,0,1,0,0,1,1,0,1,0,0,0,1,0,0,1,0,0,0,1,0,0,1,0,0,1,0,0,0,1,0,0,
1,1,0,0,0,0,1,1,0,0,0,1,1,1,1,1,0,0,1,1,0,0,0,0,1,0,1,0,1,0,1,0,0,1,1,1,1,0,1,1,1,0,1,0,1,0,1,1,0,0,1,0,1,0,1,0,1,1,0,0,
1,1,0,1,1,0,1,0,1,1,1,0,1,1,0,1,0,0,0,1,1,1,0,0,1,0,1,0,0,1,1,0,0,0,1,1,0,1,0,0,1,0,1,0,0,1,0,0,1,1,1,0,1,0,0,1,0,0,1,1,
0,1,1,1,1,0,0,1,0,1,0,1,1,0,1,0,1,1,0,1,0,0,1,0,0,1,1,0,0,1,1,0,0,0,1,1,0,1,0,0,1,0,1,0,1,1,1,0,0,0,1,0,1,0,1,1,1,0,0,0,
0,0,1,0,1,0,1,1,1,1,0,0,1,0,0,1,0,1,1,1,1,0,1,0,1,0,1,0,0,1,1,0,1,1,0,0,0,1,0,0,1,1,1,1,1,0,0,0,1,1,1,1,1,1,1,0,0,0,1,1,
0,1,0,0,0,0,0,0,1,1,0,1,0,1,0,0,1,0,1,1,1,1,1,0,0,1,0,1,1,1,1,0,1,1,0,0,0,0,1,0,1,0,0,1,1,1,1,1,0,1,1,0,0,1,1,1,1,1,0,1,
1,0,0,0,0,1,1,0,0,0,1,1,0,0,0,0,0,0,1,1,0,1,0,1,1,0,0,0,0,0,1,1,1,0,1,1,1,0,0,0,0,0,1,1,0,1,1,0,0,1,0,0,1,1,0,1,1,0,0,1,
0,1,0,1,1,1,1,1,1,0,1,1,1,1,1,1,1,1,1,1,0,1,0,0,1,1,1,1,0,0,1,0,1,0,0,0,1,1,1,0,0,1,1,1,0,1,0,0,1,0,0,1,1,1,0,1,0,0,1,0,
1,1,0,1,1,1,1,0,0,0,0,0,0,0,1,0,1,1,1,1,0,1,1,1,1,0,1,0,0,0,0,0,1,1,1,1,0,1,0,1,1,1,0,1,0,0,0,1,1,0,1,1,0,1,0,0,0,1,1,0,
1,1,1,1,1,1,1,1,0,0,0,1,0,1,0,1,0,1,0,0,1,1,0,0,0,0,0,0,0,1,0,1,1,0,1,0,1,0,0,0,1,1,1,1,0,0,0,0,1,1,1,1,1,1,0,0,0,0,1,1,
0,1,1,1,1,0,1,1,0,1,0,0,0,0,0,1,1,0,1,1,1,1,1,0,0,0,0,1,0,1,0,0,0,0,0,1,1,0,1,1,1,1,1,0,1,1,1,0,0,0,1,1,1,0,1,1,1,0,0,0,
0,0,0,1,1,1,0,0,0,1,1,0,0,0,0,0,0,1,1,0,0,1,0,0,0,1,1,0,1,1,0,1,0,1,0,1,0,0,1,0,0,0,0,0,0,1,0,0,0,1,0,0,0,0,0,1,0,0,0,1,
1,0,1,0,0,0,1,0,1,1,1,1,0,0,1,1,1,1,1,1,1,1,0,1,1,0,0,1,0,0,0,1,1,1,1,1,0,0,1,0,0,1,1,1,1,0,0,1,0,0,0,1,1,1,1,0,0,1,0,0,
1,1,1,1,0,1,1,1,1,0,1,0,1,1,1,1,1,0,1,0,0,1,1,0,1,1,0,1,0,0,0,0,0,0,1,0,1,0,1,0,0,0,0,1,0,0,0,1,1,1,0,0,0,1,0,0,0,1,1,1,
1,1,1,0,0,1,0,0,0,1,0,1,0,0,0,0,1,0,1,0,1,0,1,0,1,0,1,1,1,1,1,0,1,0,1,0,1,1,0,0,0,1,1,1,0,0,1,1,0,0,0,1,1,1,0,0,1,1,0,0,
1,0,0,1,0,1,0,1,0,0,0,0,0,0,1,1,0,1,1,1,1,0,1,1,1,0,1,1,0,0,1,0,1,1,0,0,1,0,1,0,1,0,0,0,0,0,1,1,1,0,1,0,0,0,0,0,1,1,1,0,
1,1,0,1,1,0,1,1,0,0,0,1,1,1,0,1,1,0,1,1,0,0,0,0,1,0,0,0,0,1,0,1,1,1,0,0,1,0,1,0,0,0,1,1,1,0,0,0,0,1,0,0,1,1,1,0,0,0,0,1,
0,0,1,0,1,1,1,0,0,1,0,0,0,0,0,1,0,1,1,0,0,0,1,0,1,0,0,1,1,0,0,1,1,1,0,1,0,0,0,0,1,0,1,0,0,1,0,1,1,1,1,0,1,0,0,1,0,1,1,1,
0,1,0,0,0,1,0,0,0,1,0,0,0,0,0,0,0,1,1,0,0,0,1,1,1,0,0,1,1,1,1,1,0,1,0,1,0,1,1,1,1,1,0,1,1,0,0,1,1,1,1,1,0,1,1,0,0,1,1,1,
1,0,0,0,0,1,0,0,1,0,1,0,0,1,0,1,0,1,1,1,1,0,1,0,1,0,0,1,0,0,0,1,0,1,1,0,0,1,1,0,1,0,0,1,1,0,1,1,1,1,1,0,0,1,1,0,1,1,1,1,
1,0,1,1,0,0,0,1,0,1,0,0,0,0,0,1,0,1,1,0,0,1,0,0,1,1,0,0,0,0,0,0,1,1,0,0,0,1,1,0,0,0,0,1,0,0,1,1,1,1,0,0,0,1,0,0,1,1,1,1,
1,1,1,0,1,1,0,0,1,1,1,1,1,1,1,0,1,0,1,1,1,0,0,0,1,0,0,1,0,1,0,1,0,0,0,0,0,1,1,0,0,1,1,1,0,0,1,0,1,0,0,1,1,1,0,0,1,0,1,0,
0,0,0,1,1,0,0,0,0,1,0,0,1,0,0,1,1,1,1,1,0,0,1,1,0,1,0,0,0,0,0,1,1,0,0,1,0,1,0,0,0,0,1,0,0,1,1,1,0,0,0,0,1,0,0,1,1,1,0,0,
1,1,0,1,1,1,0,0,0,1,0,1,0,0,1,0,1,0,1,0,0,0,1,1,0,0,1,1,0,1,1,1,0,1,1,1,0,1,1,0,1,0,1,1,1,0,1,0,0,0,1,0,1,1,1,0,1,0,0,0,
1,1,0,1,1,1,1,0,1,0,1,1,1,0,0,0,1,0,0,0,1,0,0,0,0,0,1,1,1,0,1,1,1,0,0,1,0,1,0,1,1,0,0,1,1,0,0,0,0,1,1,0,0,1,1,0,0,0,0,1,
0,0,1,0,0,0,0,0,0,0,1,0,0,1,1,0,0,1,0,0,0,0,0,1,0,1,0,1,0,0,1,1,0,1,0,1,1,0,0,1,0,1,1,1,1,0,1,0,0,0,0,1,1,1,1,0,1,0,0,0,
0,1,1,0,1,1,1,0,0,1,0,1,1,1,1,0,0,0,1,0,1,0,0,0,1,1,1,1,1,1,1,1,0,0,1,1,1,0,1,1,1,1,0,0,1,0,1,1,0,0,1,1,0,0,1,0,1,1,0,0,
0,0,1,0,0,0,0,1,0,0,0,1,1,0,0,0,1,0,1,0,1,1,1,0,0,1,1,0,0,1,1,0,0,1,0,1,1,0,0,1,0,0,1,1,0,0,0,0,1,0,0,0,1,1,0,0,0,0,1,0,
1,1,0,1,0,0,1,1,0,0,1,1,0,0,1,1,1,1,1,1,0,1,1,0,0,1,0,0,0,0,1,1,0,0,1,0,0,1,1,0,0,0,1,1,1,0,0,0,1,1,0,0,1,1,1,0,0,0,1,1,
1,1,1,1,1,1,1,1,1,1,0,0,0,1,1,1,1,0,0,1,0,1,0,0,1,0,0,0,1,0,0,0,0,1,0,0,1,0,1,1,0,0,0,0,0,0,0,1,0,1,0,0,0,0,0,0,0,1,0,1,
1,0,1,0,1,0,0,0,0,1,0,0,0,1,1,0,0,0,1,1,0,1,1,1,0,0,1,1,1,0,0,1,1,1,1,1,1,0,0,1,0,1,0,0,1,0,0,1,0,1,0,1,0,0,1,0,0,1,0,1,
0,1,1,1,1,0,0,1,0,0,0,1,0,1,1,0,0,0,1,1,0,0,0,1,1,1,1,1,1,0,0,0,0,0,0,1,1,0,1,0,1,1,1,0,0,1,0,1,1,1,1,1,1,0,0,1,0,1,1,1,
0,0,1,1,1,1,0,1,1,0,0,1,1,0,1,0,0,0,0,0,1,1,0,1,0,0,1,0,1,1,0,1,0,1,0,0,0,0,1,1,0,1,0,0,1,1,1,1,1,1,0,1,0,0,1,1,1,1,1,1,
1,0,1,1,0,1,1,1,0,0,0,0,0,0,0,0,0,1,1,0,0,1,1,1,1,1,1,1,0,0,0,1,1,0,0,0,0,1,1,0,1,1,0,0,1,1,1,1,1,1,1,1,0,0,1,1,1,1,1,1,
1,0,0,1,0,1,1,0,0,0,0,1,1,0,1,1,1,1,0,0,1,1,0,0,1,0,1,0,1,1,0,1,0,0,0,1,0,0,1,1,1,0,0,1,0,1,0,1,1,1,1,0,0,1,0,1,0,1,1,1,
1,1,0,1,1,1,0,1,0,0,1,1,0,1,1,1,0,0,1,1,1,0,1,1,1,0,0,0,0,0,1,0,1,0,1,0,1,1,1,0,1,0,1,0,1,0,0,1,1,0,1,0,1,0,1,0,0,1,1,0,
1,0,0,1,0,0,1,0,1,1,0,1,1,0,0,0,1,1,1,0,1,1,1,1,1,1,0,0,1,0,0,1,0,0,0,1,1,1,0,0,0,1,0,0,0,0,1,0,0,1,0,1,0,0,0,0,1,0,0,1,
0,0,1,1,0,0,1,0,0,1,1,0,1,0,0,0,1,0,0,1,0,0,0,0,0,1,0,1,0,0,1,0,1,1,1,0,1,0,1,0,0,0,0,1,1,1,1,1,0,0,0,0,0,1,1,1,1,1,0,0,
1,0,0,1,0,0,1,1,0,1,1,0,0,0,1,1,0,1,0,0,1,1,0,1,1,1,0,1,0,1,1,0,1,1,0,1,0,0,1,1,0,0,0,1,0,1,1,0,1,1,0,0,0,1,0,1,1,0,1,1,
0,0,0,0,0,1,1,0,0,0,1,1,0,1,1,1,1,0,0,1,1,1,1,0,0,1,0,1,0,1,1,1,0,1,1,0,1,1,0,1,1,0,0,1,1,1,0,1,1,0,1,0,0,1,1,1,0,1,1,0,
1,0,0,1,1,0,1,0,1,0,0,1,1,1,1,1,0,0,1,1,1,1,0,1,1,1,1,0,1,1,1,1,1,0,0,1,1,0,1,0,0,0,0,1,0,0,0,1,1,1,0,0,0,1,0,0,0,1,1,1,
0,0,0,0,1,0,1,1,1,0,0,1,1,1,0,0,1,0,0,1,1,0,0,0,1,0,1,1,0,1,0,0,1,1,1,0,1,0,1,1,1,0,0,1,0,0,1,1,1,1,1,0,0,1,0,0,1,1,1,1,
1,1,0,1,1,0,1,1,1,0,1,0,1,0,0,1,0,0,1,0,1,0,0,0,0,1,1,1,1,1,0,1,1,0,0,1,0,0,1,1,1,0,1,1,1,0,1,1,1,0,1,0,1,1,1,0,1,1,1,0,
0,1,1,0,0,1,1,1,1,0,1,1,1,0,1,0,1,0,1,1,1,0,0,1,0,1,0,1,1,0,1,1,0,0,1,0,1,1,1,1,1,1,0,0,1,1,0,0,0,1,1,1,0,0,1,1,0,0,0,1,
1,0,1,0,0,1,1,1,1,1,0,0,0,1,1,1,1,0,1,1,1,1,0,1,0,0,0,1,0,0,1,1,1,0,1,0,0,1,0,0,0,0,0,0,0,1,1,0,0,0,0,0,0,0,0,1,1,0,0,0,
0,1,1,0,0,0,1,0,0,0,0,0,1,0,1,0,0,0,0,1,0,1,1,1,0,1,1,1,1,0,0,0,1,1,0,0,0,1,1,1,0,0,1,1,0,1,1,0,1,1,0,0,1,1,0,1,1,0,1,1,